95 155
46 1 1 1 1 1 1 1 1 1 1 1 1 1 1 1 1 1 1 1 1 1 1 8 1 1 1 1 1 1 1 1 1 1 1 1 1 1 1 1 1 1 1 1 1 1 8
1 1

2 1 0 30 60 XOR
2 1 60 60 61 AND
2 1 61 0 62 AND
2 1 2 32 63 AND
2 1 3 33 64 AND
2 1 63 64 65 OR
2 1 4 34 66 AND
2 1 65 66 67 OR
2 1 5 35 68 AND
2 1 67 68 69 OR
2 1 62 69 70 AND
2 1 6 36 71 AND
2 1 7 37 72 AND
2 1 71 72 73 OR
2 1 8 38 74 AND
2 1 73 74 75 OR
2 1 9 39 76 AND
2 1 75 76 77 OR
2 1 10 40 78 AND
2 1 77 78 79 OR
2 1 11 41 80 AND
2 1 79 80 81 OR
2 1 12 42 82 AND
2 1 81 82 83 OR
2 1 13 43 84 AND
2 1 83 84 85 OR
2 1 70 85 86 AND
1 1 52 87 NOT
2 1 87 22 88 AND
2 1 52 22 89 XOR
1 1 89 90 NOT
1 1 53 91 NOT
2 1 91 23 92 AND
2 1 90 92 93 AND
2 1 88 93 94 OR
2 1 53 23 95 XOR
1 1 95 96 NOT
2 1 96 90 97 AND
1 1 54 98 NOT
2 1 98 24 99 AND
2 1 54 24 100 XOR
1 1 100 101 NOT
1 1 55 102 NOT
2 1 102 25 103 AND
2 1 101 103 104 AND
2 1 99 104 105 OR
2 1 97 105 106 AND
2 1 94 106 107 OR
2 1 55 25 108 XOR
1 1 108 109 NOT
2 1 109 101 110 AND
2 1 110 97 111 AND
1 1 56 112 NOT
2 1 112 26 113 AND
2 1 56 26 114 XOR
1 1 114 115 NOT
1 1 57 116 NOT
2 1 116 27 117 AND
2 1 115 117 118 AND
2 1 113 118 119 OR
2 1 57 27 120 XOR
1 1 120 121 NOT
2 1 121 115 122 AND
1 1 58 123 NOT
2 1 123 28 124 AND
2 1 58 28 125 XOR
1 1 125 126 NOT
1 1 59 127 NOT
2 1 127 29 128 AND
2 1 126 128 129 AND
2 1 124 129 130 OR
2 1 122 130 131 AND
2 1 119 131 132 OR
2 1 111 132 133 AND
2 1 107 133 134 OR
2 1 86 134 135 AND
2 1 14 44 136 AND
2 1 15 45 137 AND
2 1 136 137 138 OR
2 1 16 46 139 AND
2 1 138 139 140 OR
2 1 17 47 141 AND
2 1 140 141 142 OR
2 1 135 142 143 AND
2 1 18 48 144 AND
2 1 19 49 145 AND
2 1 144 145 146 OR
2 1 20 50 147 AND
2 1 146 147 148 OR
2 1 21 51 149 AND
2 1 148 149 150 OR
2 1 143 150 151 AND
1 1 1 152 NOT
2 1 152 31 153 OR
2 1 151 153 154 AND
